cam_model: Pinhole
cam_width: 752
cam_height: 480
cam_fx: 410.830656
cam_fy: 410.564732
cam_cx: 391.823577
cam_cy: 245.535017
cam_d0: -0.304643
cam_d1:  0.087253
cam_d2: -0.000002 
cam_d3:  0.001087
cam_calib_date: '2014-12-19'
cam_name: BLUEFOX_25001297
cam_description: 'Bluefox Camera Greyscale DrDre'
